RO2_1                   C   9H  19O   2     G   298.150  2500.000 1000.000    01
  1.2348417e+01  8.4586535e-02 -4.5240260e-05  1.1918489e-08 -1.2536929e-12    2
 -2.2193564e+04 -2.7219050e+01  2.5745554e+00  1.1484886e-01 -7.5910184e-05    3
  2.0518943e-08  3.3953494e-13 -1.9796033e+04  2.2102849e+01                   4  
RO2_2                   C   9H  19O   2     G   298.150  2500.000 1000.000    01
  1.3992182e+01  8.1463718e-02 -4.2984484e-05  1.1185492e-08 -1.1637812e-12    2
 -2.6431816e+04 -3.6721005e+01  4.6711505e+00  1.1694819e-01 -9.4235010e-05    3
  4.4063897e-08 -8.9570115e-12 -2.4430263e+04  8.7955001e+00                   4  
RO2_3                   C   9H  19O   2     G   298.150  2500.000 1000.000    01
  1.3499194e+01  8.3107062e-02 -4.4392255e-05  1.1682123e-08 -1.2276887e-12    2
 -2.4717239e+04 -3.4273001e+01  2.6212608e+00  1.1936786e-01 -8.7099412e-05    3
  3.0904652e-08 -3.1174146e-12 -2.2161404e+04  2.0025839e+01                   4  
RO2_4                   C   9H  19O   2     G   298.150  2500.000 1000.000    01
  1.7478248e+01  7.6683948e-02 -4.0272542e-05  1.0458789e-08 -1.0878265e-12    2
 -2.6440435e+04 -5.7318648e+01 -4.0433385e+00  1.5932100e-01 -1.5873131e-04    3
  8.4616352e-08 -1.7887527e-11 -2.1930315e+04  4.7418658e+01                   4  
QOOH_1b                 C   9H  19O   2     G   298.150  2500.000 1000.000    01
  1.7827129e+01  7.5735935e-02 -3.9635441e-05  1.0238503e-08 -1.0584964e-12    2
 -1.4602155e+04 -5.4856314e+01  4.3505726e+00  1.3329561e-01 -1.3431319e-04    3
  8.0783612e-08 -2.1022135e-11 -1.1989577e+04  9.4912596e+00                   4  
QOOH_1c                 C   9H  19O   2     G   298.150  2500.000 1000.000    01
  1.3217476e+01  8.2241728e-02 -4.3660682e-05  1.1430441e-08 -1.1960475e-12    2
 -1.6722292e+04 -2.6759895e+01  5.4307881e+00  1.0390810e-01 -5.9425773e-05    3
  7.9644421e-09  4.1744553e-12 -1.4721094e+04  1.3056247e+01                   4  
QOOH_1d                 C   9H  19O   2     G   298.150  2500.000 1000.000    01
  1.5415334e+01  7.9329077e-02 -4.1961909e-05  1.0952294e-08 -1.1431616e-12    2
 -1.6246111e+04 -4.0126517e+01  6.4638318e+00  1.0776582e-01 -7.2032005e-05    3
  2.0651527e-08 -2.4464738e-13 -1.4093886e+04  4.8478969e+00                   4  
QOOH_1e                 C   9H  19O   2     G   298.150  2500.000 1000.000    01
  1.4946730e+01  8.0072514e-02 -4.2491137e-05  1.1128326e-08 -1.1653987e-12    2
 -1.6156951e+04 -3.8345054e+01  4.3699044e+00  1.1075875e-01 -6.7650268e-05    3
  1.0293758e-08  4.7462634e-12 -1.3510271e+04  1.5409008e+01                   4  
QOOH_1f                 C   9H  19O   2     G   298.150  2500.000 1000.000    01
  1.3530390e+01  8.2114375e-02 -4.3675669e-05  1.1450477e-08 -1.1995035e-12    2
 -1.5110864e+04 -2.9494928e+01  5.7151666e+00  1.0283009e-01 -5.6095142e-05    3
  4.1829116e-09  5.6079846e-12 -1.3058010e+04  1.0704115e+01                   4  
QOOH_1g                 C   9H  19O   2     G   298.150  2500.000 1000.000    01
  1.2283058e+01  8.4171543e-02 -4.5017297e-05  1.1854167e-08 -1.2461573e-12    2
 -1.5828477e+04 -2.2519712e+01  6.8749277e+00  9.2426274e-02 -3.3318761e-05    3
 -1.6121404e-08  1.2211656e-11 -1.4144598e+04  6.6935704e+00                   4 
QOOH_2a                 C   9H  19O   2     G   298.150  2500.000 1000.000    01
  1.8021576e+01  7.5528824e-02 -3.9604142e-05  1.0259864e-08 -1.0641969e-12    2
 -1.8257412e+04 -5.5723414e+01  1.7142770e+00  1.4093909e-01 -1.3961099e-04    3
  7.8872659e-08 -1.8776146e-11 -1.4930241e+04  2.3072895e+01                   4  
QOOH_2c                 C   9H  19O   2     G   298.150  2500.000 1000.000    01
  1.7083004e+01  7.6782103e-02 -4.0427474e-05  1.0522882e-08 -1.0966383e-12    2
 -1.9942033e+04 -5.0521760e+01  3.3454029e+00  1.2554437e-01 -1.0338132e-04    3
  4.4182544e-08 -6.8151594e-12 -1.6871918e+04  1.7297488e+01                   4  
QOOH_2d                 C   9H  19O   2     G   298.150  2500.000 1000.000    01
  1.7606669e+01  7.6531375e-02 -4.0433007e-05  1.0551985e-08 -1.1019757e-12    2
 -2.1005106e+04 -5.4031192e+01  6.4573831e-01  1.3986086e-01 -1.2857430e-04    3
  6.3855742e-08 -1.2624264e-11 -1.7349721e+04  2.8983334e+01                   4  
QOOH_2e                 C   9H  19O   2     G   298.150  2500.000 1000.000    01
  1.6976143e+01  7.6495199e-02 -4.0018986e-05  1.0348767e-08 -1.0718406e-12    2
 -1.9933744e+04 -4.9908640e+01  3.9735262e+00  1.2486407e-01 -1.0665605e-04    3
  4.9797713e-08 -9.2407760e-12 -1.7131446e+04  1.3751491e+01                   4  
QOOH_2f                 C   9H  19O   2     G   298.150  2500.000 1000.000    01
  1.5283220e+01  7.9271698e-02 -4.1811152e-05  1.0882392e-08 -1.1329195e-12    2
 -2.0659916e+04 -3.9978339e+01  4.3730547e+00  1.1869874e-01 -9.4213309e-05    3
  4.0319306e-08 -6.6772619e-12 -1.8246022e+04  1.3733260e+01                   4  
QOOH_2g                 C   9H  19O   2     G   298.150  2500.000 1000.000    01
  1.8448332e+01  7.4728661e-02 -3.9034693e-05  1.0076881e-08 -1.0419287e-12    2
 -1.8811679e+04 -5.8054599e+01  4.4751033e+00  1.3052155e-01 -1.2384648e-04    3
  6.7832733e-08 -1.5807850e-11 -1.5949896e+04  9.5209502e+00                   4  
QOOH_3a                 C   9H  19O   2     G   298.150  2500.000 1000.000    01
  1.8570600e+01  7.5335619e-02 -3.9696180e-05  1.0324571e-08 -1.0743402e-12    2
 -1.7510179e+04 -5.8481893e+01  3.6143037e+00  1.3521431e-01 -1.3131062e-04    3
  7.3367764e-08 -1.7430096e-11 -1.4444529e+04  1.3834903e+01                   4  
QOOH_3b                 C   9H  19O   2     G   298.150  2500.000 1000.000    01
  1.4986622e+01  8.0240228e-02 -4.2681020e-05  1.1199801e-08 -1.1747048e-12    2
 -1.9415161e+04 -3.8700719e+01  5.3087194e+00  1.0823305e-01 -6.5862434e-05    3
  1.1043847e-08  3.8690411e-12 -1.6976012e+04  1.0539463e+01                   4  
QOOH_3d                 C   9H  19O   2     G   298.150  2500.000 1000.000    01
  1.8029058e+01  7.5643127e-02 -3.9741945e-05  1.0314725e-08 -1.0716355e-12    2
 -1.8826611e+04 -5.5931748e+01  2.2896402e+00  1.3788843e-01 -1.3321921e-04    3
  7.3002056e-08 -1.6787749e-11 -1.5579159e+04  2.0318008e+01                   4  
QOOH_3e                 C   9H  19O   2     G   298.150  2500.000 1000.000    01
  1.8381234e+01  7.4660684e-02 -3.8862171e-05  9.9884915e-09 -1.0279283e-12    2
 -1.8516936e+04 -5.8567808e+01  2.8648450e+00  1.4633822e-01 -1.6600537e-04    3
  1.1173398e-07 -3.1818021e-11 -1.5736476e+04  1.4291918e+01                   4  
QOOH_3f                 C   9H  19O   2     G   298.150  2500.000 1000.000    01
  2.3519005e+01  6.9295949e-02 -3.6594797e-05  9.5714493e-09 -1.0033007e-12    2
 -2.2350421e+04 -9.1286597e+01  3.8629108e+00  1.3395219e-01 -1.0987446e-04    3
  3.9341369e-08 -2.4696646e-12 -1.7744816e+04  6.9187687e+00                   4  
QOOH_3g                 C   9H  19O   2     G   298.150  2500.000 1000.000    01
  1.8969351e+01  7.4255792e-02 -3.8804261e-05  1.0014272e-08 -1.0347211e-12    2
 -1.7272597e+04 -6.0887306e+01  3.6753368e+00  1.3890984e-01 -1.4365401e-04    3
  8.6808319e-08 -2.2349001e-11 -1.4291180e+04  1.2260848e+01                   4  
QOOH_4a                 C   9H  19O   2     G   298.150  2500.000 1000.000    01
  1.7695509e+01  7.7365178e-02 -4.1363849e-05  1.0914455e-08 -1.1510894e-12    2
 -1.7658664e+04 -5.4824661e+01  5.4504193e+00  1.0932595e-01 -5.8790561e-05    3
 -2.9529796e-09  1.0464763e-11 -1.4441038e+04  8.2306912e+00                   4 
QOOH_4b                 C   9H  19O   2     G   298.150  2500.000 1000.000    01
  1.6428375e+01  7.8166346e-02 -4.1404005e-05  1.0826077e-08 -1.1321362e-12    2
 -1.9923107e+04 -4.7354476e+01  7.7950117e+00  1.0025703e-01 -5.1982527e-05    3
 -1.1700576e-09  8.0138856e-12 -1.7638809e+04 -2.8079456e+00                   4 
QOOH_4c                 C   9H  19O   2     G   298.150  2500.000 1000.000    01
  1.7539781e+01  7.6101264e-02 -3.9983877e-05  1.0385686e-08 -1.0802402e-12    2
 -1.8654815e+04 -5.3053801e+01  3.5540279e+00  1.2671499e-01 -1.0715065e-04    3
  4.7963147e-08 -8.1075814e-12 -1.5575665e+04  1.5755961e+01                   4  
C9H18O_11               C   9H  18O   1     G   298.150  2500.000 1000.000    01
  7.8330125e+00  8.5004478e-02 -4.5709657e-05  1.2106019e-08 -1.2796308e-12    2
 -2.6669061e+04 -1.1724252e+01 -1.1778390e+00  1.0625497e-01 -5.1560757e-05    3
 -5.4718298e-09  9.9371764e-12 -2.4181657e+04  3.5249059e+01                   4 
C9H18O_12               C   9H  18O   1     G   298.150  2500.000 1000.000    01
  9.7419109e+00  8.1370967e-02 -4.3321935e-05  1.1365084e-08 -1.1910180e-12    2
 -2.9698416e+04 -1.9035184e+01  1.4973631e+00  1.0668827e-01 -6.8411870e-05    3
  1.7636447e-08  5.6597850e-13 -2.7668193e+04  2.2613155e+01                   4  
C9H18O_13               C   9H  18O   1     G   298.150  2500.000 1000.000    01
  8.5265531e+00  8.4043273e-02 -4.5098074e-05  1.1918105e-08 -1.2571753e-12    2
 -2.9708391e+04 -1.5163411e+01 -9.1448172e-01  1.1094481e-01 -6.6989974e-05    3
  1.1547623e-08  3.5612862e-12 -2.7291596e+04  3.3014992e+01                   4  
C9H18O_14               C   9H  18O   1     G   298.150  2500.000 1000.000    01
  7.7074429e+00  8.5647458e-02 -4.6003145e-05  1.2170497e-08 -1.2851309e-12    2
 -3.8809989e+04 -1.3456813e+01 -3.0192847e+00  1.1898588e-01 -8.0372550e-05    3
  2.2707009e-08 -5.2786534e-14 -3.6176298e+04  4.0665678e+01                   4  
C9H18O_15               C   9H  18O   1     G   298.150  2500.000 1000.000    01
  5.6741909e+00  8.9427467e-02 -4.8415103e-05  1.2898953e-08 -1.3703732e-12    2
 -4.0942491e+04 -5.4584552e+00 -3.0443740e+00  1.0693615e-01 -4.4435681e-05    3
 -1.4448698e-08  1.3236401e-11 -3.8388814e+04  4.0731441e+01                   4  
C9H18O_16               C   9H  18O   1     G   298.150  2500.000 1000.000    01
  5.7909603e+00  8.9067057e-02 -4.7859963e-05  1.2673804e-08 -1.3398536e-12    2
 -4.0102840e+04 -8.1164606e+00 -4.5916285e+00  1.1573928e-01 -6.2112101e-05    3
  1.1217298e-09  8.2000385e-12 -3.7325266e+04  4.5521934e+01                   4 
C9H18O_17               C   9H  18O   1     G   298.150  2500.000 1000.000    01
  3.2791614e+00  9.3345213e-02 -5.0488129e-05  1.3444886e-08 -1.4280891e-12    2
 -3.4322690e+04  4.3985677e+00 -4.3445062e+00  1.0256442e-01 -2.6563727e-05    3
 -3.3641796e-08  2.0177422e-11 -3.1832460e+04  4.6171880e+01                   4 
C9H18O_23               C   9H  18O   1     G   298.150  2500.000 1000.000    01
  9.9121178e+00  8.1261072e-02 -4.3369409e-05  1.1409276e-08 -1.1989167e-12    2
 -3.2203132e+04 -2.0001463e+01  7.5779754e-01  1.0870631e-01 -6.8935501e-05    3
  1.5742195e-08  1.7580388e-12 -2.9923750e+04  2.6387470e+01                   4  
C9H18O_24               C   9H  18O   1     G   298.150  2500.000 1000.000    01
  1.0513824e+01  8.1134141e-02 -4.3323644e-05  1.1406438e-08 -1.1997378e-12    2
 -3.4961923e+04 -2.6885550e+01 -3.0531932e+00  1.2854545e-01 -1.0356960e-04    3
  4.2986666e-08 -6.3691802e-12 -3.1879469e+04  4.0308202e+01                   4  
C9H18O_25               C   9H  18O   1     G   298.150  2500.000 1000.000    01
  8.7853081e+00  8.4105330e-02 -4.5090094e-05  1.1915890e-08 -1.2575141e-12    2
 -4.3034755e+04 -2.0294523e+01 -3.4812426e+00  1.2185929e-01 -8.2525859e-05    3
  2.1284271e-08  1.3413155e-12 -4.0028145e+04  4.1629781e+01                   4  
C9H18O_26               C   9H  18O   1     G   298.150  2500.000 1000.000    01
  8.4745786e+00  8.4467883e-02 -4.5013645e-05  1.1836373e-08 -1.2439708e-12    2
 -4.3920281e+04 -2.1917421e+01 -5.6460677e+00  1.3267292e-01 -1.0385548e-04    3
  4.0315212e-08 -4.9531212e-12 -4.0665796e+04  4.8273511e+01                   4  
C9H18O_27               C   9H  18O   1     G   298.150  2500.000 1000.000    01
  5.7909603e+00  8.9067057e-02 -4.7859963e-05  1.2673804e-08 -1.3398536e-12    2
 -4.0102840e+04 -8.1164606e+00 -4.5916285e+00  1.1573928e-01 -6.2112101e-05    3
  1.1217298e-09  8.2000385e-12 -3.7325266e+04  4.5521934e+01                   4  
C9H18O_34               C   9H  18O   1     G   298.150  2500.000 1000.000    01
  1.0885973e+01  7.9514928e-02 -4.2160941e-05  1.1028634e-08 -1.1532960e-12    2
 -3.1199202e+04 -2.5497098e+01  2.6770975e+00  1.0357523e-01 -6.2803914e-05    3
  1.1886372e-08  2.7983470e-12 -2.9143994e+04  1.6194005e+01                   4  
C9H18O_35               C   9H  18O   1     G   298.150  2500.000 1000.000    01
  1.0607662e+01  8.1639778e-02 -4.3924238e-05  1.1645883e-08 -1.2326092e-12    2
 -3.3596825e+04 -2.8694441e+01  2.4362685e-01  1.0776145e-01 -5.6207880e-05    3
 -2.3127918e-09  9.2806721e-12 -3.0811734e+04  2.4940883e+01                   4 
C9H18_1                 C   9H  18          G   298.150  2500.000 1000.000    01
  8.0615026e+00  7.9186437e-02 -4.1893365e-05  1.0932411e-08 -1.1405709e-12    2
 -1.3655919e+04 -9.5879292e+00  1.9887955e+00  9.5607612e-02 -5.2672323e-05    3
  6.5591896e-09  3.6780297e-12 -1.2070994e+04  2.1581244e+01                   4  
C9H18_2                 C   9H  18          G   298.150  2500.000 1000.000    01
  7.3929036e+00  8.0763308e-02 -4.3093961e-05  1.1327199e-08 -1.1889129e-12    2
 -1.4207751e+04 -6.0061244e+00  3.8716714e+00  8.3400602e-02 -2.6596027e-05    3
 -1.6708265e-08  1.1253599e-11 -1.2983850e+04  1.3664852e+01                   4 
C9H18_3                 C   9H  18          G   298.150  2500.000 1000.000    01
  9.3691761e+00  7.7547343e-02 -4.0994703e-05  1.0692311e-08 -1.1150817e-12    2
 -1.4523519e+04 -1.7692346e+01  3.2040865e+00  9.4379024e-02 -5.2280749e-05    3
  6.4487705e-09  3.7644152e-12 -1.2927037e+04  1.3899495e+01                   4  
C8H16_1                 C   8H  16          G   298.150  2500.000 1000.000    01
  7.0283333e+00  7.0452637e-02 -3.7297301e-05  9.7399096e-09 -1.0168606e-12    2
 -9.4784208e+03 -5.4081815e+00  1.9469001e+00  8.2471955e-02 -4.0462511e-05    3
 -6.3134938e-10  5.5987101e-12 -8.0816590e+03  2.1058593e+01                   4 
C8H16_2                 C   8H  16          G   298.150  2500.000 1000.000    01
  6.9509108e+00  7.0435351e-02 -3.7235249e-05  9.7104296e-09 -1.0124710e-12    2
 -1.0772782e+04 -5.2578214e+00  1.8318556e+00  8.4315097e-02 -4.6418072e-05    3
  6.0908034e-09  3.0419608e-12 -9.4384351e+03  2.1007098e+01                   4  
C6H12O_1                C   6H  12O   1     G   298.150  2500.000 1000.000    01
  5.5937417e+00  5.6091806e-02 -3.0116302e-05  7.9541828e-09 -8.3805785e-13    2
 -3.0413608e+04  2.1977935e+00  4.8997956e+00  4.7658695e-02  3.1814367e-06    3
 -3.1702664e-08  1.4672385e-11 -2.9790024e+04  8.1159051e+00                   4 
C6H12_1                 C   6H  12          G   298.150  2500.000 1000.000    01
  5.4356698e+00  5.1798395e-02 -2.7177280e-05  7.0439614e-09 -7.3078779e-13    2
 -5.0574997e+03 -4.9263221e-01  1.2128712e+00  6.2870982e-02 -3.3072268e-05    3
  1.7781326e-09  3.5949387e-12 -3.9545356e+03  2.1225361e+01                   4  
C5H10O_4                C   5H  10O   1     G   298.150  2500.000 1000.000    01
  5.3826278e+00  4.5948443e-02 -2.4567116e-05  6.4650143e-09 -6.7900295e-13    2
 -2.8290906e+04  9.6970410e-01  5.1014100e+00  3.9359713e-02 -5.7701840e-07    3
 -2.1404531e-08  1.0085824e-11 -2.7897449e+04  4.1039727e+00                   4 
C5H10_1                 C   5H  10          G   298.150  2500.000 1000.000    01
  4.2130129e+00  4.2745531e-02 -2.2143832e-05  5.6740107e-09 -5.8273078e-13    2
 -2.3895690e+03  4.6236301e+00  1.0057821e+00  5.1939677e-02 -2.8909372e-05    3
  3.9211086e-09  1.9608473e-12 -1.5946148e+03  2.0914761e+01                   4  
C4H8O_1                 C   4H   8O   1     G   298.150  2500.000 1000.000    01
  3.5348754e+00  3.7453134e-02 -1.9775789e-05  5.1506300e-09 -5.3633545e-13    2
 -2.5611121e+04  9.8980133e+00  3.2012623e+00  3.3691798e-02 -4.6681657e-06    3
 -1.2999018e-08  6.6120158e-12 -2.5324863e+04  1.2672333e+01                   4 
C4H8_1                  C   4H   8          G   298.150  2500.000 1000.000    01
  2.4973352e+00  3.4738636e-02 -1.7883122e-05  4.5555830e-09 -4.6538662e-13    2
 -1.0266162e+03  1.2182384e+01  1.2973848e+00  3.7069575e-02 -1.6573953e-05    3
 -5.9920913e-10  2.2567115e-12 -6.8417379e+02  1.8523216e+01                   4 
C3H6O_2                 C   3H   6O   1     G   298.150  2500.000 1000.000    01
  2.0300000e+00  2.9239350e-02 -1.5446803e-05  4.0277815e-09 -4.2002657e-13    2
 -2.6000500e+04  1.5956121e+01  2.1806919e+00  2.3268987e-02  3.4785564e-06    3
 -1.7047511e-08  7.5613026e-12 -2.5801813e+04  1.6452165e+01                   4 
C3H6                    C   3H   6          G   298.150  2500.000 1000.000    01
  1.5542551e+00  2.5765308e-02 -1.3106035e-05  3.3055580e-09 -3.3491754e-13    2
  3.2336775e+03  1.5952210e+01  1.1522976e+00  2.3555360e-02 -2.1640450e-06    3
 -1.0785351e-08  5.4386326e-12  3.4613566e+03  1.8720906e+01                   4 
CH2O                    C   1H   2O   1     G   298.150  2500.000 1000.000    01
  9.8990889e-01  1.0796452e-02 -5.7944143e-06  1.5268676e-09 -1.6031211e-13    2
 -1.3611842e+04  1.7794383e+01  4.1646089e+00 -5.2930669e-03  2.4917485e-05    3
 -2.4610294e-08  8.1875091e-12 -1.4114321e+04  3.2231529e+00                   4 
 
 
 
 