 2,6-DMH
 SPECIES       Hf       S    Cp 300     400     500     600     800     1000     1500     DATE        ELEMENTS
 S1			-12.90	  66.63	   15.86   18.83 	21.55 	23.87 	27.53 	30.30 	34.82 	37.27 
 S2			-50.50	  83.05	   21.06   25.55 	29.40 	32.53 	37.16 	40.41 	45.41 	48.01 
 S3			-31.30	  80.13	   22.78   27.17 	30.78 	33.68 	38.03 	41.21 	46.23 	48.89 
 S4			-34.30	  84.67	   24.23   28.76 	32.44 	35.29 	39.30 	42.02 	46.21 	48.46 
 S5			-45.20	  87.97	   22.48   25.86 	29.12 	32.02 	36.71 	40.26 	45.81 	48.68 
 S6			-39.72	  63.03	   12.82	
 D7			-30.00	  61.26	   13.65	
 O2			  0.00	  49.03	    7.00	
 HO2		  2.94	  54.73	    8.26	
 TS1		-28.70	  74.95	   20.26	
 TS2		-17.10	  85.16	   21.54	
 TS3		-39.10	  77.06	   20.61	
 TS4		-14.00	  76.06	   20.81	
 TS5		-15.70 	  82.85	   23.48	
 TS6		-20.10	  79.23	   21.84	

 C2H3         0.00    55.86    10.35   12.19   13.79   15.12   17.26   18.92   21.67   5/29/14 THERM   c   2 h   3     0     0 G 0
 O2           0.00    49.00     7.00    7.13    7.34    7.56    7.94    8.21    8.57   5/29/14 THERM   c   0 h   0 o   2     0 G 0
 C2H3O2       0.00    67.94    15.67   18.90   21.62   23.81   27.05   29.33   32.81   5/29/14 THERM   c   2 h   3 o   2     0 G 0
 RO2_235      0.00    76.16    17.80   20.07   22.01   23.65   26.22   28.15   31.24   5/29/14 THERM   c   2 h   3 o   2     0 G 0
 C2H5         0.00    58.24    11.34   13.73   16.06   18.14   21.60   24.34   28.90   5/29/14 THERM   c   2 h   5     0     0 G 0
 C6H5         0.00    70.34    19.08   25.59   31.09   35.50   41.93   46.35   52.84   5/29/14 THERM   c   6 h   5     0     0 G 0
 C6H5O2       0.00    81.15    26.06   33.65   39.98   45.02   52.26   57.14   64.19   5/29/14 THERM   c   6 h   5 o   2     0 G 0
 RO2_256      0.00    89.74    26.87   33.63   39.40   44.06   50.89   55.58   62.42   5/29/14 THERM   c   6 h   5 o   2     0 G 0
 C2H5        28.60    60.61    12.20   14.64   17.01   19.11   22.62   25.39   29.96   5/29/14 THERM   c   2 h   5     0     0 G 0
 O2           0.00    49.01     7.02    7.23    7.44    7.65    8.04    8.35    8.73   5/29/14 THERM   c   0 h   0 o   2     0 G 0
 C2H5O2      -6.72    73.82    16.20   19.86   23.34   26.36   31.11   34.63   40.08   5/29/14 THERM   c   2 h   5 o   2     0 G 0
